# DMV ID, xyz coordinates
# For each DMV, the last point marks the centre of the DMV; all preceding points are pore coordinates
     1      220.00      294.50      111.50
     1      180.00      344.50      114.50
     1      186.00      308.50      106.50
     2      356.00      134.50       62.50
     2      430.00      161.50       81.50
     2      432.00      125.50       94.50
     2      423.00      180.50      118.50
     2      386.00      147.17      102.50
     3      474.00      255.75      103.50
     3      431.50      306.00      112.50
     3      425.33      257.50      106.50
     4      398.00      307.50       73.50
     4      427.00      334.50       79.50
     4      393.00      361.50      104.50
     4      365.00      337.50       63.50
     4      366.00      353.50       65.50
     4      395.00      341.50       80.50
     5      578.50      329.25      106.50
     5      589.00      313.75       89.50
     5      534.75      351.50       80.50
     5      499.75      328.75       86.50
     5      540.00      304.50       93.50
     6      486.00      388.00      118.50
     6      500.50      370.00       85.00
     6      494.00      367.00      102.50
     6      469.00      384.50       87.50
     7      648.00      453.50       70.50
     7      549.50      454.75       73.50
     7      654.75      434.75       82.50
     7      560.00      382.50       90.50
     7      597.33      421.83       71.50
     8      704.00      377.50       90.50
     8      718.00      362.50       90.50
     8      688.00      406.50       63.50
     8      741.00      405.50       63.50
     8      749.00      364.50       57.50
     8      715.00      380.50       55.50
     9      618.00      289.50       58.50
     9      657.00      293.50       83.50
     9      642.00      312.17       63.50
    10      149.00      234.83       84.50
    10       68.33      221.50       76.50
    10      105.00      184.50       56.50
    10       70.00      236.17       53.50
    10      109.33      226.50       65.50
